model: emnist_classifier
accuracy: 0.9064865112304688
precision: 0.9162490029054609
recall: 0.9064864864864864
f1_score: 0.9109088402073424
confusion_matrix: [[729, 2, 2, 8, 3, 2, 9, 8, 0, 0, 0, 0, 2, 4, 6, 3, 17, 0, 0, 0, 2, 0, 0, 0, 0, 3], [1, 756, 1, 4, 3, 0, 6, 11, 0, 0, 0, 4, 1, 1, 4, 0, 3, 2, 0, 0, 0, 0, 0, 0, 0, 3], [1, 1, 751, 1, 23, 0, 0, 0, 0, 0, 0, 10, 0, 0, 4, 0, 1, 3, 1, 1, 2, 0, 1, 0, 0, 0], [9, 3, 0, 734, 0, 0, 0, 0, 0, 2, 1, 1, 1, 2, 31, 5, 4, 1, 1, 1, 2, 0, 1, 0, 0, 1], [4, 2, 12, 0, 762, 3, 0, 0, 1, 0, 2, 2, 0, 0, 3, 1, 2, 2, 0, 0, 1, 0, 0, 0, 1, 2], [0, 0, 0, 1, 2, 740, 2, 0, 1, 0, 0, 2, 0, 0, 0, 23, 2, 4, 3, 20, 0, 0, 0, 0, 0, 0], [20, 16, 8, 1, 1, 4, 605, 2, 0, 4, 0, 0, 0, 1, 2, 1, 122, 1, 8, 0, 1, 0, 0, 0, 3, 0], [2, 5, 0, 2, 0, 0, 1, 750, 1, 0, 6, 6, 5, 15, 0, 0, 0, 1, 0, 0, 4, 0, 1, 0, 0, 1], [0, 0, 1, 0, 1, 1, 1, 1, 611, 11, 1, 166, 0, 1, 0, 0, 0, 0, 0, 1, 0, 1, 1, 0, 0, 2], [0, 4, 0, 7, 0, 1, 3, 0, 26, 731, 0, 5, 0, 0, 0, 0, 1, 0, 7, 11, 1, 0, 0, 0, 1, 2], [3, 3, 0, 0, 0, 1, 0, 18, 0, 1, 748, 4, 0, 0, 0, 0, 0, 4, 0, 5, 0, 1, 0, 9, 3, 0], [0, 1, 3, 0, 0, 1, 0, 8, 176, 1, 0, 604, 0, 0, 1, 0, 1, 1, 0, 0, 0, 0, 0, 0, 3, 0], [1, 0, 0, 0, 0, 0, 0, 4, 0, 0, 1, 0, 779, 8, 0, 0, 0, 0, 0, 1, 2, 0, 2, 0, 1, 1], [7, 0, 0, 4, 0, 0, 0, 11, 0, 2, 2, 1, 11, 746, 0, 0, 0, 4, 0, 1, 1, 3, 6, 1, 0, 0], [2, 0, 2, 11, 0, 0, 1, 0, 0, 0, 0, 0, 0, 1, 776, 2, 1, 0, 0, 0, 3, 0, 1, 0, 0, 0], [1, 1, 0, 5, 1, 7, 0, 0, 0, 0, 0, 0, 0, 1, 1, 779, 3, 1, 0, 0, 0, 0, 0, 0, 0, 0], [30, 2, 1, 3, 4, 3, 54, 0, 1, 1, 0, 1, 0, 1, 5, 5, 682, 1, 1, 1, 2, 0, 0, 0, 2, 0], [9, 0, 1, 0, 6, 2, 1, 0, 1, 0, 5, 1, 1, 1, 0, 2, 0, 745, 1, 5, 0, 9, 0, 3, 4, 3], [0, 0, 0, 1, 0, 1, 4, 1, 0, 4, 0, 0, 0, 0, 0, 0, 1, 0, 388, 0, 0, 0, 0, 0, 0, 0], [0, 0, 0, 0, 0, 0, 0, 0, 0, 0, 0, 0, 0, 0, 0, 0, 0, 0, 0, 0, 0, 0, 0, 0, 0, 0], [0, 0, 0, 0, 0, 0, 0, 0, 0, 0, 0, 0, 0, 0, 0, 0, 0, 0, 0, 0, 0, 0, 0, 0, 0, 0], [0, 0, 0, 0, 0, 0, 0, 0, 0, 0, 0, 0, 0, 0, 0, 0, 0, 0, 0, 0, 0, 0, 0, 0, 0, 0], [0, 0, 0, 0, 0, 0, 0, 0, 0, 0, 0, 0, 0, 0, 0, 0, 0, 0, 0, 0, 0, 0, 0, 0, 0, 0], [0, 0, 0, 0, 0, 0, 0, 0, 0, 0, 0, 0, 0, 0, 0, 0, 0, 0, 0, 0, 0, 0, 0, 0, 0, 0], [0, 0, 0, 0, 0, 0, 0, 0, 0, 0, 0, 0, 0, 0, 0, 0, 0, 0, 0, 0, 0, 0, 0, 0, 0, 0], [0, 0, 0, 0, 0, 0, 0, 0, 0, 0, 0, 0, 0, 0, 0, 0, 0, 0, 0, 0, 0, 0, 0, 0, 0, 0]]
----
